0 1
1 1
2 3
3 5
4 10
5 14
6 26
7 34
8 57
9 76
10 116
11 150
12 227
13 284
14 408
15 520
16 718
17 895
18 1226
19 1508
20 2018
21 2487
22 3248
23 3968
24 5160
25 6235
26 7970
27 9653
28 12179
29 14630
30 18367
31 21924
32 27241
33 32506
34 39985
35 47492
36 58203
37 68752
38 83613
39 98730
40 119269
41 140224
42 168799
43 197758
44 236753
45 277052
46 329867
47 384852
48 457006
49 531500
50 628338
51 729979
52 859484
53 995890
54 1169622
55 1352019
56 1582420
57 1826850
58 2131017
59 2455061
60 2857884
61 3285356
62 3813331
63 4378819
64 5068896
65 5809657
66 6712307
67 7679654
68 8852101
69 10115940
70 11633626
71 13273489
72 15239597
73 17360215
74 19891127
75 22634746
76 25884685
77 29412502
78 33584864
79 38109729
80 43440912
81 49241390
82 56034994
83 63437133
84 72092473
85 81513343
86 92493235
87 104477408
88 118377607
89 133560125
90 151143399
91 170336805
92 192503484
93 216744768
94 244630482
95 275147592
96 310200995
97 348535721
98 392465203
99 440577618
100 495531282
